1419215550773858305
1419215559636422656
1419215565235920897
1419215571682566151
1419223739351371780
1419223764592697344
1419223795089412098
1419223823463952388
1419224422087528448
1419224432975941633
1419224461031743489
1419224494326042626
1419224524269228032
1419224553008545793
1419224584507858944
1419224612718751746
1419224624462766080
1419224777399676928
1419224799658876935
1419224872929177600
1419224903954354176
1419224933247471620
1419224963584774147
1419225000045862913
1419225525399310338
1419225554566402050
1419225583406526466
1419225612019978240
1419225646136451076
1419225689253978112
1419225744283209731
1419225790026289157
1419225828798443523
1419225881038528514
1419225919819063299
1419225960969347077
1419226255573069827
1419226285839163393
1419226314540728322
1419226345922510850
1419226381376966659
1419226635623141378
1419226672239415301
1419226707781951489
1419226739012681732
1419227698505863171
1419228236614152195
1419228270235684868
1419228964359442432
1419229508117356544
1419233951953137666
1420070062292180998
1420072317821018116
1420072841001807876
1420138507679510529
1420138974149021706
1421392793273085954 
1421393582775275520
1420384519983665153
1420382307857358849
1420293332387909635
1420384235400187904
1421395084839473154
